66.6512212974329 -160.53160825262
60.2885595008529 -161.162327415102
59.0701774546992 -158.008731602692
59.2055532376052 -153.593697465318
59.3409290205112 -148.547944165463
60.0178079350409 -142.030512819816
57.4456680598277 -138.456437565752
56.3626617965801 -135.933560915824
56.7687891452979 -129.416129570177
55.1442797504264 -127.944451524386
50.9476304803417 -124.790855711976
46.2094780786332 -120.796301016257
44.0434655521378 -118.483664087157
45.6679749470093 -113.858390228956
45.8033507299153 -110.074075254064
48.5108663880345 -109.233116370755
51.6245093948715 -108.392157487446
51.7598851777775 -106.289760279173
49.3231210854702 -102.084965862626
49.0523695196583 -97.2494522835981
46.4802296444451 -91.9934592629152
42.9604592888902 -79.799555454931
41.4713256769246 -76.8561993633486
40.7944467623948 -74.3333227134208
40.7944467623948 -72.6514049468023
43.9080897692319 -67.3954119261194
43.2312108547021 -65.0827749970189
46.886356993163 -52.6786314682074
48.1047390393166 -52.2581520265528
53.7905219213668 -55.6219875597898
57.4456680598277 -61.9291791846092
56.2272860136741 -70.3387680177018
54.8735281846145 -78.9585965716217
55.2796555333324 -84.4248293131319
57.8517954085456 -93.8856167503611
63.5375782905959 -110.494554695719
65.1620876854674 -124.160136549494
66.9219728632448 -142.450992261471
67.7342275606806 -153.383457744491
67.1927244290568 -159.690649369311
66.6512212974329 -160.53160825262
