Ind1	1	124	190	170	238	146	153	154	148
Ind1	1	136	190	182	238	172	153	158	152
Ind2	1	84	178	182	234	146	160	154	140
Ind2	1	132	182	190	234	152	160	156	144
Ind3	1	84	182	158	238	166	160	152	140
Ind3	1	84	186	174	246	168	160	154	140
Ind4	1	128	186	186	238	168	165	154	144
Ind4	1	132	190	186	238	168	180	154	144
Ind5	1	128	182	186	220	168	162	152	172
Ind5	1	132	182	186	238	168	169	158	172
Ind6	1	84	186	178	234	146	168	152	172
Ind6	1	124	194	194	238	146	168	154	172
Ind7	1	132	178	178	238	146	152	154	172
Ind7	1	144	182	186	242	176	154	156	176
Ind8	1	124	186	178	238	156	153	154	120
Ind8	1	132	186	182	238	164	153	156	156
Ind9	1	132	182	186	238	150	139	156	164
Ind9	1	132	186	198	242	150	139	160	164
Ind10	1	84	190	186	234	166	139	154	180
Ind10	1	128	190	198	242	166	168	156	180
Ind11	2	128	186	186	234	160	139	156	172
Ind11	2	128	186	190	242	180	167	158	172
Ind12	2	124	186	178	238	146	146	158	164
Ind12	2	124	190	178	238	166	160	158	164
Ind13	2	84	178	170	238	146	168	156	144
Ind13	2	124	178	182	238	146	168	156	176
Ind14	2	84	186	174	238	154	167	154	176
Ind14	2	84	190	198	238	180	175	154	176
Ind15	2	128	178	180	238	164	152	158	156
Ind15	2	132	186	194	238	164	160	158	156
Ind16	2	128	186	174	234	144	153	154	132
Ind16	2	144	186	190	234	144	160	154	168
Ind17	2	120	186	182	238	166	153	156	140
Ind17	2	128	194	190	242	166	175	160	160
Ind18	2	120	182	194	238	164	153	152	144
Ind18	2	120	186	194	238	166	153	160	160
Ind19	2	84	182	186	242	166	153	158	152
Ind19	2	84	190	186	242	166	167	158	156
Ind20	2	84	186	182	230	166	175	158	124
Ind20	2	108	190	182	234	166	175	158	168
Ind21	2	84	186	186	238	164	151	154	168
Ind21	2	84	186	190	238	176	153	160	168
Ind22	2	84	186	174	238	172	160	154	168
Ind22	2	84	186	182	238	172	160	158	172
Ind23	3	84	182	178	238	148	146	158	160
Ind23	3	124	190	186	242	154	151	160	168
Ind24	3	128	186	178	234	154	139	152	160
Ind24	3	136	186	190	234	154	153	160	160
Ind25	3	84	186	174	234	154	160	156	164
Ind25	3	132	190	178	238	168	160	158	172
Ind26	3	128	186	182	234	144	160	152	168
Ind26	3	128	186	190	234	144	188	154	168
Ind27	3	132	182	182	238	-999	139	154	140
Ind27	3	148	186	186	238	-999	153	156	176
Ind28	3	84	182	186	234	154	160	158	136
Ind28	3	84	182	190	238	166	160	160	172
Ind29	3	128	182	182	238	142	153	156	136
Ind29	3	132	186	182	242	168	175	158	152
Ind30	3	84	182	182	230	146	151	150	168
Ind30	3	84	186	186	238	164	151	152	180
Ind31	3	84	186	174	238	146	155	156	140
Ind31	3	136	186	178	238	168	159	160	160
Ind32	3	84	186	190	238	168	160	158	156
Ind32	3	84	186	194	238	174	175	158	156
Ind33	3	128	186	190	230	160	160	154	160
Ind33	3	128	194	194	230	164	160	154	160
Ind34	3	84	182	186	234	166	153	156	144
Ind34	3	84	182	186	246	174	153	160	144
Ind35	3	84	186	182	238	152	163	156	140
Ind35	3	84	190	194	238	158	168	162	204
Ind36	3	84	178	178	230	172	160	156	164
Ind36	3	84	186	194	238	172	160	156	172
Ind37	3	84	182	182	234	168	239	150	148
Ind37	3	84	182	186	238	168	239	156	148
Ind38	3	128	186	182	238	166	153	158	140
Ind38	3	132	190	182	242	166	160	158	140
Ind39	3	84	182	182	238	144	151	158	152
Ind39	3	132	186	186	238	162	153	158	204
Ind40	3	84	182	186	230	146	153	154	168
Ind40	3	128	182	190	238	146	175	154	172
Ind41	3	84	174	174	234	154	160	150	144
Ind41	3	84	174	182	238	154	160	156	208
Ind42	4	84	174	178	234	150	153	154	132
Ind42	4	84	190	182	238	150	153	168	156
Ind43	4	84	96	-999	238	-999	-999	156	164
Ind43	4	84	186	-999	238	-999	-999	162	168
Ind44	4	84	174	174	238	-999	163	156	128
Ind44	4	128	186	194	242	-999	163	162	128
Ind45	4	128	182	186	234	146	169	156	156
Ind45	4	128	186	186	238	146	169	162	156
Ind46	4	128	186	-999	238	146	153	156	-999
Ind46	4	128	186	-999	238	146	153	156	-999
Ind47	4	124	182	190	234	170	146	158	-999
Ind47	4	128	182	194	234	170	146	160	-999
Ind48	4	84	186	174	234	146	153	154	172
Ind48	4	84	186	178	238	150	153	154	172
Ind49	4	84	186	162	226	146	175	154	164
Ind49	4	84	186	182	238	146	175	154	164
Ind50	4	84	182	182	238	152	153	156	172
Ind50	4	132	182	182	238	164	153	160	176
Ind51	4	84	190	178	234	146	153	156	156
Ind51	4	84	190	186	238	156	153	162	164
Ind52	4	84	190	180	230	-999	165	-999	144
Ind52	4	84	190	180	238	-999	165	-999	160
Ind53	4	136	178	182	230	162	151	152	-999
Ind53	4	140	178	186	238	162	151	156	-999
Ind54	4	104	194	162	230	148	139	154	-999
Ind54	4	108	194	190	234	152	153	156	-999
Ind55	4	84	178	182	230	144	153	152	-999
Ind55	4	160	186	182	238	166	165	154	-999
Ind56	4	136	182	158	238	148	153	154	-999
Ind56	4	144	190	182	238	148	153	156	-999
Ind57	4	84	174	178	230	158	160	154	-999
Ind57	4	132	182	190	234	158	165	156	-999
Ind58	4	124	186	182	234	166	153	154	-999
Ind58	4	140	186	182	234	166	175	154	-999
Ind59	4	120	186	174	234	152	160	152	-999
Ind59	4	132	186	190	238	160	160	156	-999
Ind60	4	128	186	178	234	160	170	152	-999
Ind60	4	128	190	178	238	172	170	158	-999
Ind61	4	84	186	174	174	146	168	156	-999
Ind61	4	136	186	186	186	166	168	160	-999
Ind62	4	124	186	182	182	144	146	154	-999
Ind62	4	128	186	200	202	144	146	156	-999
Ind63	4	124	178	182	238	162	169	160	-999
Ind63	4	128	182	186	242	166	169	160	-999
Ind64	5	128	182	174	234	158	165	154	156
Ind64	5	132	182	174	234	162	165	154	156
Ind65	5	84	182	178	226	146	151	156	140
Ind65	5	128	190	186	226	146	151	156	164
Ind66	5	124	186	182	234	156	153	156	160
Ind66	5	124	194	186	234	156	153	156	160
Ind67	5	84	178	194	234	142	153	154	156
Ind67	5	84	186	198	242	142	153	158	172
Ind68	5	84	186	178	230	162	165	152	164
Ind68	5	84	186	194	238	162	165	156	164
Ind69	5	124	186	178	242	166	162	156	164
Ind69	5	136	186	178	242	166	167	156	164
Ind70	5	132	186	154	230	142	174	154	168
Ind70	5	132	186	154	230	142	174	156	168
Ind71	5	128	186	182	230	144	170	154	160
Ind71	5	128	186	198	242	144	170	154	164
Ind72	5	84	190	178	234	148	146	152	160
Ind72	5	112	190	182	234	148	146	156	172
Ind73	5	132	178	154	238	146	170	158	128
Ind73	5	154	178	178	238	146	175	158	128
Ind74	5	84	178	174	230	170	165	154	128
Ind74	5	84	178	174	238	172	168	154	172
Ind75	5	84	190	178	238	172	153	156	124
Ind75	5	84	190	186	238	172	153	160	124
Ind76	5	84	182	182	238	162	168	154	164
Ind76	5	140	182	186	238	162	168	156	164
Ind77	5	84	190	178	234	164	160	154	156
Ind77	5	84	190	182	234	164	160	156	172
Ind78	5	128	178	174	234	146	146	156	156
Ind78	5	128	182	186	234	166	153	156	156
Ind79	5	84	178	182	234	154	160	154	152
Ind79	5	84	182	186	238	164	160	156	152
Ind80	5	84	178	182	234	164	153	160	-999
Ind80	5	128	178	186	234	164	175	160	-999
Ind81	5	84	182	178	234	146	160	160	-999
Ind81	5	84	182	186	238	146	160	160	-999
Ind82	5	84	182	182	234	162	146	154	-999
Ind82	5	132	186	186	234	166	146	158	-999
Ind83	5	84	178	186	234	154	167	156	-999
Ind83	5	128	196	194	234	162	167	158	-999
Ind84	5	132	190	178	230	160	153	156	-999
Ind84	5	132	190	198	242	160	175	156	-999
Ind85	5	124	178	174	230	154	153	154	-999
Ind85	5	132	178	174	230	156	160	160	-999
Ind86	5	84	178	170	234	162	153	154	-999
Ind86	5	120	186	174	234	164	168	156	-999
Ind87	5	84	186	174	230	-999	153	156	-999
Ind87	5	132	190	178	242	-999	170	160	-999
Ind88	5	108	182	178	234	168	175	154	-999
Ind88	5	112	182	186	234	170	175	154	-999
Ind89	5	84	178	182	230	146	175	158	-999
Ind89	5	128	194	186	234	176	175	158	-999
Ind90	5	128	182	166	230	146	153	160	-999
Ind90	5	128	186	190	234	176	153	160	-999
Ind91	5	124	186	178	238	144	146	158	-999
Ind91	5	124	186	186	238	144	146	158	-999
Ind92	5	132	186	178	238	176	153	158	-999
Ind92	5	132	186	182	238	176	153	162	-999
Ind93	5	132	186	174	238	164	153	158	-999
Ind93	5	132	186	174	238	164	153	158	-999
Ind94	5	84	186	194	232	144	-999	158	-999
Ind94	5	84	186	198	232	144	-999	158	-999
Ind95	5	84	182	162	234	146	153	156	-999
Ind95	5	136	182	162	234	160	153	156	-999
Ind96	6	84	182	174	238	162	151	156	-999
Ind96	6	84	190	186	242	172	175	156	-999
Ind97	6	128	182	178	234	144	153	154	-999
Ind97	6	128	182	182	234	144	161	156	-999
Ind98	6	84	190	182	238	168	160	160	-999
Ind98	6	84	190	186	238	174	160	160	-999
Ind99	6	84	186	174	234	164	170	158	-999
Ind99	6	132	186	186	234	164	170	173	-999
Ind100	6	84	186	174	238	146	160	152	-999
Ind100	6	84	186	186	238	162	175	160	-999
Ind101	6	128	182	170	230	146	151	152	-999
Ind101	6	128	182	174	230	146	151	175	-999
Ind102	6	84	178	174	234	144	160	158	-999
Ind102	6	84	182	194	238	144	160	160	-999
Ind103	6	84	178	174	238	144	161	162	-999
Ind103	6	132	178	186	242	144	161	162	-999
Ind104	6	84	178	174	238	144	160	158	-999
Ind104	6	136	182	190	238	144	160	160	-999
Ind105	6	128	182	186	234	146	160	156	-999
Ind105	6	132	190	186	234	168	165	162	-999
Ind106	6	84	190	178	238	144	151	154	-999
Ind106	6	84	190	182	238	144	162	156	-999
Ind107	6	128	186	186	230	156	161	156	-999
Ind107	6	128	186	190	234	164	161	158	-999
Ind108	6	124	186	178	242	154	161	154	-999
Ind108	6	136	186	182	242	170	161	156	-999
Ind109	6	136	182	182	238	146	161	154	-999
Ind109	6	136	182	184	238	146	161	156	-999
Ind110	6	84	186	182	238	158	153	156	-999
Ind110	6	128	186	186	238	170	160	160	-999
Ind111	6	124	186	186	230	154	160	154	-999
Ind111	6	124	186	190	234	154	165	160	-999
Ind112	6	84	186	182	190	144	172	160	-999
Ind112	6	84	202	182	230	146	172	160	-999
Ind113	7	124	174	186	238	-999	-999	-999	172
Ind113	7	128	182	186	246	-999	-999	-999	172
Ind114	7	128	178	182	234	150	164	156	160
Ind114	7	132	186	182	234	176	164	158	160
Ind115	7	84	186	178	238	152	175	152	156
Ind115	7	84	186	178	238	158	175	158	164
Ind116	7	84	178	154	238	150	153	156	168
Ind116	7	120	178	182	242	162	175	156	172
Ind117	7	132	182	182	230	146	160	152	144
Ind117	7	132	186	186	234	146	165	156	172
Ind118	7	132	174	178	234	164	174	158	144
Ind118	7	132	174	182	234	170	174	160	168
Ind119	7	84	170	178	238	158	160	156	164
Ind119	7	132	186	190	238	158	160	156	164
Ind120	7	84	190	174	234	146	182	156	144
Ind120	7	132	190	174	238	146	182	156	176
Ind121	7	112	182	170	230	146	160	154	168
Ind121	7	128	190	190	230	146	160	154	168
Ind122	7	84	178	174	234	150	173	152	148
Ind122	7	84	178	182	234	150	173	160	152
Ind123	7	128	182	178	234	146	160	154	136
Ind123	7	132	186	186	234	146	160	156	144
Ind124	7	132	178	182	-999	152	-999	156	148
Ind124	7	132	178	182	-999	152	-999	156	148
Ind125	7	84	182	174	234	146	146	156	144
Ind125	7	132	186	182	234	152	162	158	148
Ind126	7	84	178	178	246	146	165	156	152
Ind126	7	132	182	178	246	146	165	158	176
Ind127	7	84	178	178	238	146	165	190	160
Ind127	7	84	186	178	246	146	165	194	160
Ind128	7	128	178	182	238	152	174	156	-999
Ind128	7	128	182	182	238	152	174	158	-999
Ind129	7	124	178	178	-999	158	129	154	-999
Ind129	7	140	186	178	-999	158	173	160	-999
Ind130	7	120	174	174	234	146	162	160	-999
Ind130	7	144	186	186	238	146	162	162	-999	
Ind131	7	84	178	174	238	166	162	156	-999
Ind131	7	132	186	182	238	166	174	158	-999
Ind132	7	132	186	170	226	152	160	154	-999
Ind132	7	136	186	178	234	154	160	156	-999
Ind133	7	84	186	166	226	168	160	154	-999
Ind133	7	268	186	166	226	168	160	156	-999
Ind134	7	84	178	182	238	146	153	156	-999
Ind134	7	84	182	182	238	146	160	158	-999
Ind135	7	84	186	186	238	168	153	152	-999
Ind135	7	128	190	190	238	168	160	154	-999
Ind136	7	84	186	178	230	146	146	-999	-999
Ind136	7	136	186	186	230	146	160	-999	-999
Ind137	7	84	166	170	238	150	138	156	-999
Ind137	7	124	178	178	238	154	160	158	-999
Ind138	7	132	186	178	238	154	150	156	-999
Ind138	7	132	186	182	238	174	150	156	-999
Ind139	7	128	188	174	234	-999	160	156	-999
Ind139	7	128	200	182	234	-999	160	158	-999
Ind140	7	84	186	178	230	152	-999	156	-999
Ind140	7	84	186	182	230	154	-999	158	-999
Ind141	7	84	186	178	238	150	160	154	-999
Ind141	7	148	186	186	238	150	160	158	-999
Ind142	7	84	186	170	238	162	160	158	-999
Ind142	7	128	186	182	242	162	160	158	-999
Ind143	7	136	178	178	234	176	162	156	-999
Ind143	7	140	186	182	238	176	162	148	-999
Ind144	7	84	178	178	238	154	160	154	-999
Ind144	7	136	186	182	278	172	160	158	-999
Ind145	7	128	174	182	242	176	163	156	-999
Ind145	7	140	182	186	242	176	163	158	-999
Ind146	8	128	190	182	190	144	153	158	152
Ind146	8	128	202	190	190	144	153	158	152
Ind147	8	84	186	178	190	150	146	156	138
Ind147	8	140	190	182	190	150	153	156	168
Ind148	8	92	182	182	190	150	146	156	140
Ind148	8	240	190	186	190	154	146	156	144
Ind149	8	116	200	182	190	148	156	156	144
Ind149	8	144	204	186	238	148	158	156	160
Ind150	8	84	186	178	190	150	146	152	140
Ind150	8	84	190	182	190	150	146	156	140
Ind151	8	136	200	182	190	146	146	154	128
Ind151	8	144	212	190	190	170	153	154	156
Ind152	8	144	182	182	190	164	156	158	132
Ind152	8	144	182	186	190	172	158	158	168
Ind153	8	124	178	182	190	144	153	152	156
Ind153	8	150	186	186	190	144	174	152	156
Ind154	8	124	186	174	190	168	153	156	184
Ind154	8	132	186	186	234	168	153	158	232
Ind155	8	84	194	182	190	148	162	156	140
Ind155	8	148	206	186	190	170	162	156	140
Ind156	8	136	182	186	190	144	146	154	132
Ind156	8	136	186	194	234	166	160	158	132
Ind157	8	128	202	186	190	144	153	158	148
Ind157	8	140	206	186	190	144	153	158	184
Ind158	8	124	186	178	190	144	146	154	152
Ind158	8	140	190	182	234	158	146	154	172
Ind159	8	128	190	178	190	162	151	154	132
Ind159	8	128	198	186	190	174	153	154	132
Ind160	8	84	182	190	190	144	146	154	144
Ind160	8	140	202	190	190	156	153	158	168
Ind161	8	124	186	186	190	144	151	156	160
Ind161	8	136	202	186	190	144	153	156	164
Ind162	8	84	186	174	190	144	158	148	148
Ind162	8	132	204	182	190	156	158	148	160