97N4034	1	124	190	170	238	146	153	154	168	148
97N4034	1	136	190	182	238	172	153	158	168	152
97N4037	1	84	178	182	234	146	160	154	158	140
97N4037	1	132	182	190	234	152	160	156	168	144
67N4039	1	84	182	158	238	166	160	152	182	140
67N4039	1	84	186	174	246	168	160	154	182	140
97N4046	1	128	186	186	238	168	165	154	170	144
97N4046	1	132	190	186	238	168	180	154	187	144
97N4049	1	128	182	186	220	168	162	152	148	172
97N4049	1	132	182	186	238	168	169	158	231	172.1
97N4056	1	84	186	178	234	146	168	152	162	172
97N4056	1	124	194	194	238	146	168	154	190	172
97N4057	1	132	178	178	238	146	152	154	153	172
97N4057	1	144	182	186	242	176	154	156	167	176
97N4058	1	124	186	178	238	156	153	154	214	120
97N4058	1	132	186	182	238	164	153	156	273	156
97N4059	1	132	182	186	238	150	139	156	153	164
97N4059	1	132	186	198	242	150	139	160	168	164
97N4060	1	84	190	186	234	166	139	154	185	180
97N4060	1	128	190	198	242	166	168	156	185	180.1
97N5037	2	128	186	186	234	160	139	156	174	172
97N5037	2	128	186	190	242	180	167	158	174	172
97N5038	2	124	186	178	238	146	146	158	166	164
97N5038	2	124	190	178	238	166	160	158	166	164
97N5039	2	84	178	170	238	146	168	156	175	144
97N5039	2	124	178	182	238	146	168	156	214	176
97N5047	2	84	186	174	238	154	167	154	168	176
97N5047	2	84	190	198	238	180	175	154	168	176
97N5049	2	128	178	180	238	164	152	158	168	156
97N5049	2	132	186	194	238	164	160	158	183	156
97N5053	2	128	186	174	234	144	153	154	190	132
97N5053	2	144	186	190	234	144	160	154	223	168
97N5058	2	120	186	182	238	166	153	156	190	140
97N5058	2	128	194	190	242	166	175	160	200	160
97N5061	2	120	182	194	238	164	153	152	185	144
97N5061	2	120	186	194	238	166	153	160	200	160
97N5063	2	84	182	186	242	166	153	158	161	152
97N5063	2	84	190	186	242	166	167	158	175	156
97N5064	2	84	186	182	230	166	175	158	-999	124
97N5064	2	108	190	182	234	166	175	158	-999	168
97N5068	2	84	186	186	238	164	151	154	168	168
97N5068	2	84	186	190	238	176	153	160	185	168
97N5072	2	84	186	174	238	172	160	154	228	168
97N5072	2	84	186	182	238	172	160	158	305	172
97N5077	3	84	182	178	238	148	146	158	198	160
97N5077	3	124	190	186	242	154	151	160	198	168
97N5082	3	128	186	178	234	154	139	152	126	160
97N5082	3	136	186	190	234	154	153	160	200	160
97N5085	3	84	186	174	234	154	160	156	158	164
97N5085	3	132	190	178	238	168	160	158	158	172
97N5086	3	128	186	182	234	144	160	152	158	168
97N5086	3	128	186	190	234	144	188	154	187	168
97N5088	3	132	182	182	238	-999	139	154	153	140
97N5088	3	148	186	186	238	-999	153	156	175	176
97N5089	3	84	182	186	234	154	160	158	142	136
97N5089	3	84	182	190	238	166	160	160	162	172
97N5091	3	128	182	182	238	142	153	156	150	136
97N5091	3	132	186	182	242	168	175	158	190	152
97N5093	3	84	182	182	230	146	151	150	177	168
97N5093	3	84	186	186	238	164	151	152	214	180
97N5094	3	84	186	174	238	146	155	156	178	140
97N5094	3	136	186	178	238	168	159	160	227	160
97N5095	3	84	186	190	238	168	160	158	194	156
97N5095	3	84	186	194	238	174	175	158	218	156
97N5096	3	128	186	190	230	160	160	154	137	160
97N5096	3	128	194	194	230	164	160	154	137	160
97N5099	3	84	182	186	234	166	153	156	148	144
97N5099	3	84	182	186	246	174	153	160	158	144
97N5100	3	84	186	182	238	152	163	156	104	140
97N5100	3	84	190	194	238	158	168	162	248	204
97N5101	3	84	178	178	230	172	160	156	170	164
97N5101	3	84	186	194	238	172	160	156	185	172
97N5102	3	84	182	182	234	168	239	150	165	148
97N5102	3	84	182	186	238	168	239	156	165	148
97N5103	3	128	186	182	238	166	153	158	166	140
97N5103	3	132	190	182	242	166	160	158	177	140
97N5104	3	84	182	182	238	144	151	158	182	152
97N5104	3	132	186	186	238	162	153	158	215	204
97N5105	3	84	182	186	230	146	153	154	170	168
97N5105	3	128	182	190	238	146	175	154	185	172
97N5106	3	84	174	174	234	154	160	150	168	144
97N5106	3	84	174	182	238	154	160	156	168	208
38375	4	84	174	178	234	150	153	154	189	132
38375	4	84	190	182	238	150	153	168	193	156
39076	4	84	96	-999	238	-999	-999	156	198	164
39076	4	84	186.1	-999	238	-999	-999	162	198	168
39147	4	84	174	174	238	-999	163	156	-999	128
39147	4	128	186	194	242	-999	163	162	-999	128
39148	4	128	182	186	234	146	169	156	-999	156
39148	4	128	186	186	238	146	169	162	-999	156
39157	4	-999	-999	-999	-999	-999	-999	-999	-999	-999
39157	4	-999	-999	-999	-999	-999	-999	-999	-999	-999
39166	4	128	186	-999	238	146	153	156	203	-999
39166	4	128	186	-999	238	146	153	156	203	-999
39169	4	124	182	190	234	170	146	158	194	-999
39169	4	128	182	194	234	170	146	160	194	-999
39170	4	84	186	174	234	146	153	154	162	172
39170	4	84	186	178	238	150	153	154	162	172
39175	4	84	186	162	226	146	175	154	271	164
39175	4	84	186	182	238	146	175	154	271	164
39179	4	84	182	182	238	152	153	156	162	172
39179	4	132	182	182	238	164	153	160	162	176
39192	4	84	190	178	234	146	153	156	168	156
39192	4	84	190	186	238	156	153	162	218	164
39199	4	84	190	180	230	-999	165	-999	203	144
39199	4	84	190	180	238	-999	165	-999	203	160
97N6345	4	136	178	182	230	162	151	152	137	-999
97N6345	4	140	178	186	238	162	151	156	158	-999
97N6346	4	104	194	162	230	148	139	154	-999	-999
97N6346	4	108	194	190	234	152	153	156	-999	-999
97N6347	4	84	178	182	230	144	153	152	155	-999
97N6347	4	160.1	186	182	238	166	165	154	166	-999
98N4106	4	136	182	158	238	148	153	154	137	-999
98N4106	4	144	190	182	238	148	153	156	198	-999
98N4107	4	84	174	178	230	158	160	154	162	-999
98N4107	4	132	182	190	234	158	165	156	187	-999
98N4108	4	124	186	182	234	166	153	154	189	-999
98N4108	4	140	186	182	234	166	175	154	189	-999
98N4109	4	120	186	174	234	152	160	152	196	-999
98N4109	4	132	186	190	238	160	160	156	196	-999
98N4110	4	128	186	178	234	160	170	152	221	-999
98N4110	4	128	190	178	238	172	170	158	268	-999
98N4111	4	84	186	174	174	146	168	156	187	-999
98N4111	4	136	186	186	186	166	168	160	187	-999
98N4112	4	124	186	182	182	144	146	154	174	-999
98N4112	4	128	186	200	202	144	146	156	181	-999
98N4113	4	124	178	182	238	162	169	160	158	-999
98N4113	4	128	182	186	242	166	169	160	187	-999
97N6397	5	128	182	174	234	158	165	154	202	156
97N6397	5	132	182	174	234	162	165	154	202	156
97N6398	5	84	182	178	226	146	151	156	219	140
97N6398	5	128	190	186	226	146	151	156	219	164
97N6399	5	124	186	182	234	156	153	156	174	160
97N6399	5	124	194	186	234	156	153	156	174	160
97N6401	5	84	178	194	234	142	153	154	149	156
97N6401	5	84	186	198.2	242	142	153	158	179	172
97N6402	5	84	186	178	230	162	165	152	198	164
97N6402	5	84	186	194	238	162	165	156	202	164.1
97N6407	5	124	186	178	242	166	162	156	174	164
97N6407	5	136	186	178	242	166	167	156	174	164
97N6408	5	132	186	154	230	142	174	154	149	168
97N6408	5	132	186	154	230	142	174	156	200	168
97N6409	5	128	186	182	230	144	170	154	138	160
97N6409	5	128	186	198	242	144	170	154	138	164
97N6410	5	84	190	178	234	148	146	152	175	160
97N6410	5	112	190	182	234	148	146	156	180	172
97N6411	5	132	178	154	238	146	170	158	190	128
97N6411	5	154	178	178	238	146	175	158	137	128
97N6412	5	84	178	174	230	170	165	154	149	128
97N6412	5	84	178	174.2	238	172	168	154	212	172
97N6413	5	84	190	178	238	172	153	156	142	124
97N6413	5	84	190	186	238	172	153	160	142	124
97N6415	5	84	182	182	238	162	168	154	153	164
97N6415	5	140	182	186	238	162	168	156	158	164
97N6417	5	84	190	178	234	164	160	154	165	156
97N6417	5	84	190	182	234	164	160	156	177	172
97N6418	5	128	178	174	234	146	146	156	-999	156
97N6418	5	128	182	186	234	166	153	156	-999	156
97N6419	5	84	178	182	234	154	160	154	167	152
97N6419	5	84	182	186	238	164	160	156	167	152
97N6393	5	84	178	182	234	164	153	160	153	-999
97N6393	5	128	178	186	234	164	175	160	189	-999
97N6394	5	84	182	178	234	146	160	160	183	-999
97N6394	5	84	182	186	238	146	160	160	183	-999
97N6395	5	84	182	182	234	162	146	154	158	-999
97N6395	5	132	186	186	234	166	146	158	228	-999
97N6396	5	84	178	186	234	154	167	156	168	-999
97N6396	5	128	196	194	234	162	167	158	188	-999
97N6400	5	132	190	178	230	160	153	156	170	-999
97N6400	5	132	190	198	242	160	175	156	175	-999
97N6403	5	124	178	174	230	154	153	154	158	-999
97N6403	5	132	178	174	230	156	160	160	208	-999
97N6404	5	84	178	170	234	162	153	154	162	-999
97N6404	5	120	186	174	234	164	168	156	200	-999
97N6406	5	84	186	174	230	-999	153	156	189	-999
97N6406	5	132	190	178	242	-999	170	160	189	-999
36131	5	108	182	178	234	168	175	154	170	-999
36131	5	112	182	186	234	170	175	154	170	-999
36132	5	84	178	182	230	146	175	158	170	-999
36132	5	128	194	186	234	176	175	158	170	-999
36134	5	128	182	166	230	146	153	160	180	-999
36134	5	128	186	190	234	176	153	160	180	-999
36136	5	124	186	178	238	144	146	158	183	-999
36136	5	124	186	186	238	144	146	158	183	-999
36137	5	132	186	178	238	176	153	158	175	-999
36137	5	132	186.2	182	238	176	153	162	175	-999
36138	5	132	186	174	238	164	153	158	292	-999
36138	5	132	186	174.1	238	164	153	158	292	-999
36144	5	84	186	194	232	144	-999	158	158	-999
36144	5	84	186	198	232	144	-999	158	172	-999
36191	5	84	182	162	234	146	153	156	180	-999
36191	5	136	182	162	234	160	153	156	185	-999
97N5362	6	84	182	174	238	162	151	156	172	-999
97N5362	6	84	190	186	242	172	175	156	214	-999
97N5363	6	128	182	178	234	144	153	154	175	-999
97N5363	6	128	182	182	234	144	161	156	181	-999
97N5365	6	84	190	182	238	168	160	160	185	-999
97N5365	6	84	190	186	238	174	160	160	200	-999
97N5366	6	84	186	174	234	164	170	158	142	-999
97N5366	6	132	186	186	234	164	170	173	142	-999
97N5370	6	84	186	174	238	146	160	152	175	-999
97N5370	6	84	186	186	238	162	175	160	203	-999
97N5374	6	128	182	170	230	146	151	152	155	-999
97N5374	6	128	182	174	230	146	151	175	195	-999
97N5375	6	84	178	174	234	144	160	158	190	-999
97N5375	6	84	182	194	238	144	160	160	202	-999
98N3479	6	84	178	174	238	144	161	162	162	-999
98N3479	6	132	178	186	242	144	161	162	202	-999
98N3480	6	84	178	174	238	144	160	158	190	-999
98N3480	6	136	182	190	238	144	160	160	202	-999
98N3481	6	128	182	186	234	146	160	156	178	-999
98N3481	6	132	190	186	234	168	165	162	178	-999
98N3482	6	84	190	178	238	144	151	154	202	-999
98N3482	6	84	190	182	238	144	162	156	223	-999
98N3483	6	128	186	186	230	156	161	156	158	-999
98N3483	6	128	186	190	234	164	161	158	158	-999
98N3484	6	124	186	178	242	154	161	154	150	-999
98N3484	6	136	186	182	242	170	161	156	167	-999
98N3488	6	136	182	182	238	146	161	154	137	-999
98N3488	6	136	182	184	238	146	161	156	179	-999
98N3491	6	84	186	182	238	158	153	156	161	-999
98N3491	6	128	186	186.2	238	170	160	160	200	-999
97N5359	6	124	186	186	230	154	160	154	167	-999
97N5359	6	124	186	190	234	154	165	160	180	-999
97N5360	6	84	186	182	190	144	172	160	148	-999
97N5360	6	84	202	182	230	146	172	160.3	161	-999
97N5132	7	124	174	186.3	238	-999	-999	-999	-999	172
97N5132	7	128	182	186.3	246	-999	-999	-999	-999	172
97N5133	7	128	178	182	234	150	164	156	170	160
97N5133	7	132	186	182	234	176	164	158	170	160
97N5134	7	84	186	178	238	152	175	152	170	156
97N5134	7	84	186	178	238	158	175	158	170	164
97N5135	7	84	178	154	238	150	153	156	150	168
97N5135	7	120	178	182	242	162	175	156	150	172
97N5136	7	132	182	182	230	146	160	152	170	144
97N5136	7	132	186	186.2	234	146	165	156	190	172.2
97N5137	7	132	174	178	234	164.3	174	158	187	144
97N5137	7	132	174	182	234	170	174	160	209	168
97N5138	7	84	170	178	238	158	160	156	185	164
97N5138	7	132	186	190	238	158	160	156	185	164
97N5139	7	84	190	174	234	146	182	156	142	144
97N5139	7	132	190	174	238	146	182	156	172	176
97N5140	7	112	182	170	230	146	160	154	165	168
97N5140	7	128	190	190	230	146	160	154	165	168
97N5141	7	84	178	174	234	150	173	152	137	148
97N5141	7	84	178	182	234	150	173	160	162	152
97N5142	7	128	182	178	234	146	160	154	145	136
97N5142	7	132	186	186	234	146	160	156	168	144.1
97N5143	7	132	178	182.3	-999	152	-999	156	181	148
97N5143	7	132	178	182.3	-999	152	-999	156.3	181	148
97N5144	7	84	182	174	234	146	146	156	155	144
97N5144	7	132	186	182	234	152	162	158	164	148
97N5145	7	84	178	178	246	146	165	156	-999	152
97N5145	7	132	182	178	246.2	146	165	158	244	176
97N5146	7	84	178	178	238	146	165	190	244	160
97N5146	7	84	186	178	246	146	165	194	244	160
97N5107	7	128	178	182	238	152	174	156	241	-999
97N5107	7	128	182	182	238	152	174	158	266	-999
97N5108	7	124	178	178	-999	158	129	154	-999	-999
97N5108	7	140	186	178	-999	158	173	160	-999	-999
97N5109	7	120	174	174	234	146	162	160	155	-999
97N5109	7	144	186	186	238	146	162	162	281	-999
97N5110	7	84	178	174	238	166	162	156	161	-999
97N5110	7	132	186	182	238	166	174	158	179	-999
97N5111	7	132	186	170	226	152	160	154	132	-999
97N5111	7	136	186	178	234	154	160	156	164	-999
97N5112	7	84	186	166	226	168	160	154	195	-999
97N5112	7	268	186	166	226	168	160	156	195	-999
97N5113	7	84	178	182	238	146	153	156	145	-999
97N5113	7	84	182	182	238	146	160	158	179	-999
97N5114	7	84	186	186	238	168	153	152	170	-999
97N5114	7	128	190	190	238	168	160	154	170	-999
97N5115	7	84	186	178	230	146	146	-999	161	-999
97N5115	7	136	186	186	230	146	160	-999	236	-999
97N5116	7	84	166	170	238	150	138	156	161	-999
97N5116	7	124	178	178	238	154	160	158	161	-999
97N5117	7	132	186	178	238	154	150	156	172	-999
97N5117	7	132	186	182	238	174	150	156	245	-999
97N5118	7	128	188	174	234	-999	160	156	145	-999
97N5118	7	128	200	182	234	-999	160	158	145	-999
97N5129	7	84	186	178	230	152	-999	156	167	-999
97N5129	7	84	186	182	230	154	-999	158	167	-999
97N5130	7	84	186	178	238	150	160	154	148	-999
97N5130	7	148	186	186	238	150	160	158	148	-999
97N5131	7	84	186	170	238	162	160	158	161	-999
97N5131	7	128	186	182	242.1	162	160	158	190	-999
97N5147	7	136	178	178	234	176	162	156	165	-999
97N5147	7	140	186	182	238	176	162	148	165	-999
97N5148	7	84	178	178	238	154	160	154	132	-999
97N5148	7	136	186	182	278	172	160	158	167	-999
97N5149	7	128	174	182	242	176	163	156	170	-999
97N5149	7	140	182	186	242	176	163	158	185	-999
98N2027	8	128	190	182	190	144	153	158	158	152
98N2027	8	128	202	190	190	144	153	158	256	152
98N2034	8	84	186	178	190	150	146	156	137	138
98N2034	8	140	190	182	190	150	153	156	181	168
98N2036	8	92	182	182	190	150	146	156	172	140
98N2036	8	240	190	186	190	154	146	156	224	144
98N2038	8	116	200	182	190	148	156	156	185	144
98N2038	8	144	204	186	238	148	158	156	221	160
98N2040	8	84	186	178	190	150	146	152	158	140
98N2040	8	84	190	182	190	150	146	156	229	140.1
98N2041	8	136	200	182	190	146	146	154	158	128
98N2041	8	144	212	190	190	170	153	154	168	156
98N2043	8	144	182	182	190	164	156	158	181	132
98N2043	8	144	182	186	190	172	158	158	204	168
98N2044	8	124	178	182	190	144	153	152	178	156
98N2044	8	150	186	186	190	144	174	152	233	156
98N2045	8	124	186	174	190	168	153	156	168	184
98N2045	8	132	186	186	234	168	153	158	231	232
98N2046	8	84	194	182	190	148	162	156	187	140
98N2046	8	148	206	186	190	170	162	156	214	140
98N2050	8	136	182	186	190	144	146	154	168	132
98N2050	8	136	186	194	234	166	160	158	276	132
98N2052	8	128	202	186	190	144	153	158	190	148
98N2052	8	140	206	186	190	144	153	158	190	184
98N2053	8	124	186	178	190	144	146	154	158	152
98N2053	8	140	190	182	234	158	146	154	227	172
98N2056	8	128	190	178	190	162	151	154	168	132
98N2056	8	128	198	186	190	174	153	154	227	132
98N2057	8	84	182	190	190	144	146	154	150	144
98N2057	8	140	202	190	190	156	153	158	153	168
98N2059	8	124	186	186	190	144	151	156	182	160
98N2059	8	136	202	186	190	144	153	156	198	164
98N2060	8	84	186	174	190	144	158	148	227	148
98N2060	8	132	204	182	190	156	158	148	227	160