"98N0089"	1	124	182	174	238	-999	-999	-999	-999	-999
"98N0089"	1	128	182	198	238	-999	-999	-999	-999	-999
"98N0090"	1	128	186	182	230	-999	-999	-999	-999	-999
"98N0090"	1	128	186	186	238	-999	-999	-999	-999	-999
"98N0091"	1	124	186	178	222	-999	-999	-999	-999	-999
"98N0091"	1	124	186	182	242	-999	-999	-999	-999	-999
"98N0095"	1	132	182	182	242	-999	-999	-999	-999	-999
"98N0095"	1	132	186	190	242	-999	-999	-999	-999	-999
"98N0096"	1	108	178	178	234	-999	-999	-999	-999	-999
"98N0096"	1	124	182	178	234	-999	-999	-999	-999	-999
"98N0097"	1	84	190	174	238	-999	-999	-999	-999	-999
"98N0097"	1	128	190	190	238	-999	-999	-999	-999	-999
"98N0100"	1	84	186	186	230	-999	-999	-999	-999	-999
"98N0100"	1	132	190	190	234	-999	-999	-999	-999	-999
"98N0103"	1	124	182	174	234	-999	-999	-999	-999	-999
"98N0103"	1	132	190	174	238	-999	-999	-999	-999	-999
"98N0104"	1	128	186	186	238	-999	-999	-999	-999	-999
"98N0104"	1	140	190	190	238	-999	-999	-999	-999	-999
"98N0106"	1	84	186	174	242	-999	-999	-999	-999	-999
"98N0106"	1	108	190	178	242	-999	-999	-999	-999	-999
"98N0111"	1	128	178	190	234	-999	-999	-999	-999	-999
"98N0111"	1	128	190	194	238	-999	-999	-999	-999	-999
"98N0135"	1	108	182	186	238	-999	-999	-999	-999	-999
"98N0135"	1	108	186	190	238	-999	-999	-999	-999	-999
"98N0144"	1	108	170	194	216	-999	-999	-999	-999	-999
"98N0144"	1	128	174	194	238	-999	-999	-999	-999	-999
"98N0146"	1	84	-999	170	230	-999	-999	-999	-999	-999
"98N0146"	1	84	-999	178	230	-999	-999	-999	-999	-999
"98N0149"	1	84	178	158	238	-999	-999	-999	-999	-999
"98N0149"	1	128	182	186	238	-999	-999	-999	-999	-999
"98N0155"	1	84	182	186	234	-999	-999	-999	-999	-999
"98N0155"	1	128	190	190	234	-999	-999	-999	-999	-999
"98N0157"	1	84	182	182	238	-999	-999	-999	-999	-999
"98N0157"	1	84	186	186	242	-999	-999	-999	-999	-999
"98N0158"	1	-999	186	-999	-999	-999	-999	-999	-999	-999
"98N0158"	1	-999	186	-999	-999	-999	-999	-999	-999	-999
"98N0159"	1	84	202	174	186	-999	-999	-999	-999	-999
"98N0159"	1	132	202	186	256	-999	-999	-999	-999	-999
"98N0160"	1	128	186	178	238	-999	-999	-999	-999	-999
"98N0160"	1	132	186	178	242	-999	-999	-999	-999	-999
"98N0161"	1	84	182	154	238	-999	-999	-999	-999	-999
"98N0161"	1	84	190	186	238	-999	-999	-999	-999	-999
"98N0162"	1	124	182	-999	234	-999	-999	-999	-999	-999
"98N0162"	1	124	186	-999	234	-999	-999	-999	-999	-999
"96N2029"	2	124	174	182	238	-999	-999	-999	-999	-999
"96N2029"	2	136	186	182	242	-999	-999	-999	-999	-999
"96N2030"	2	84	192	186	230	-999	-999	-999	-999	-999
"96N2030"	2	84	212	186	242	-999	-999	-999	-999	-999
"96N2031"	2	84	182	178	230	-999	-999	-999	-999	-999
"96N2031"	2	140	186	198	250	-999	-999	-999	-999	-999
"96N2032"	2	136	190	186	238	-999	-999	-999	-999	-999
"96N2032"	2	136	190	186	242	-999	-999	-999	-999	-999
"96N2033"	2	84	190	178	234	-999	-999	-999	-999	-999
"96N2033"	2	128	190	182	238	-999	-999	-999	-999	-999
"96N2034"	2	132	182	182	242	-999	-999	-999	-999	-999
"96N2034"	2	136	182	190	242	-999	-999	-999	-999	-999
"96N2035"	2	136	186	178	234	-999	-999	-999	-999	-999
"96N2035"	2	226	186	178	238	-999	-999	-999	-999	-999
"96N2036"	2	128	178	182	234	-999	-999	-999	-999	-999
"96N2036"	2	136	186	182	234	-999	-999	-999	-999	-999
"96N2037"	2	140	186	178	234	-999	-999	-999	-999	-999
"96N2037"	2	224	190	182	238	-999	-999	-999	-999	-999
"96N2038"	2	128	182	186	230	-999	-999	-999	-999	-999
"96N2038"	2	128	186	194	238	-999	-999	-999	-999	-999
"96N2039"	2	132	182	178	230	-999	-999	-999	-999	-999
"96N2039"	2	136	186	186	234	-999	-999	-999	-999	-999
"96N2040"	2	136	186	178	238	-999	-999	-999	-999	-999
"96N2040"	2	144	186	198	238	-999	-999	-999	-999	-999
"96N2041"	2	84	190	186	238	-999	-999	-999	-999	-999
"96N2041"	2	84	190	186	238	-999	-999	-999	-999	-999
"97N2004"	2	84	182	182	234	-999	-999	-999	-999	-999
"97N2004"	2	84	186	186	234	-999	-999	-999	-999	-999
"97N2005"	2	124	190	178	234	-999	-999	-999	-999	-999
"97N2005"	2	124	190	186	234	-999	-999	-999	-999	-999
"97N2006"	2	84	186	182	238	-999	-999	-999	-999	-999
"97N2006"	2	84	194	190	238	-999	-999	-999	-999	-999
"97N2007"	2	84	174	174	234	-999	-999	-999	-999	-999
"97N2007"	2	128	186	194	238	-999	-999	-999	-999	-999
"97N2008"	2	124	182	178	234	-999	-999	-999	-999	-999
"97N2008"	2	124	186	178	238	-999	-999	-999	-999	-999
"97N2009"	2	84	182	170	230	-999	-999	-999	-999	-999
"97N2009"	2	24	190	182	230	-999	-999	-999	-999	-999
"97N2010"	2	140	182	182	238	-999	-999	-999	-999	-999
"97N2010"	2	140	190	190	238	-999	-999	-999	-999	-999
"97N2011"	3	84	178	162	234	-999	-999	-999	-999	-999
"97N2011"	3	136	182	190	242	-999	-999	-999	-999	-999
"97N2012"	3	84	182	186	234	-999	-999	-999	-999	-999
"97N2012"	3	128	186	190	242	-999	-999	-999	-999	-999
"97N2013"	3	84	182	174	234	-999	-999	-999	-999	-999
"97N2013"	3	84	186	182	234	-999	-999	-999	-999	-999
"97N2014"	3	132	186	174	234	-999	-999	-999	-999	-999
"97N2014"	3	252	190	178	234	-999	-999	-999	-999	-999
"97N2046"	3	84	186	-999	234	-999	-999	-999	-999	-999
"97N2046"	3	128	190	-999	234	-999	-999	-999	-999	-999
"97N2017"	3	84	186	182	238	-999	-999	-999	-999	-999
"97N2017"	3	84	190	186	238	-999	-999	-999	-999	-999
"97N2021"	3	132	190	186	226	-999	-999	-999	-999	-999
"97N2021"	3	132	190	194	238	-999	-999	-999	-999	-999
"97N2022"	3	84	182	186	230	-999	-999	-999	-999	-999
"97N2022"	3	84	186	194	234	-999	-999	-999	-999	-999
"97N2023"	3	84	182	170	238	-999	-999	-999	-999	-999
"97N2023"	3	132	186	194	238	-999	-999	-999	-999	-999
"97N2024"	3	84	182	178	218	-999	-999	-999	-999	-999
"97N2024"	3	84	186	186	238	-999	-999	-999	-999	-999
"97N2025"	3	132	190	186	226	-999	-999	-999	-999	-999
"97N2025"	3	132	190	194	238	-999	-999	-999	-999	-999
"97N2027"	3	124	182	170	238	-999	-999	-999	-999	-999
"97N2027"	3	132	186	186	238	-999	-999	-999	-999	-999
"97N2028"	3	84	-999	178	-999	-999	-999	-999	-999	-999
"97N2028"	3	84	-999	178	-999	-999	-999	-999	-999	-999
"97N2030"	3	124	178	186	242	-999	-999	-999	-999	-999
"97N2030"	3	124	190	194	242	-999	-999	-999	-999	-999
"97N2031"	3	136	182	170	242	-999	-999	-999	-999	-999
"97N2031"	3	136	190	186	246	-999	-999	-999	-999	-999
"97N2032"	3	84	182	182	234	-999	-999	-999	-999	-999
"97N2032"	3	128	186	190	238	-999	-999	-999	-999	-999
"97N2033"	3	84	182	-999	238	-999	-999	-999	-999	-999
"97N2033"	3	84	186	-999	238	-999	-999	-999	-999	-999
"97N2034"	3	128	182	154	238	-999	-999	-999	-999	-999
"97N2034"	3	128	186	186	238	-999	-999	-999	-999	-999
"97N2035"	3	128	178	180	230	-999	-999	-999	-999	-999
"97N2035"	3	140	186	188	238	-999	-999	-999	-999	-999
"97N2036"	3	128	186	182	234	-999	-999	-999	-999	-999
"97N2036"	3	128	190	190	234	-999	-999	-999	-999	-999
"97N9000"	4	84	182	174	234	-999	-999	-999	-999	-999
"97N9000"	4	128	186	182	234	-999	-999	-999	-999	-999
"97N9001"	4	128	190	182	230	-999	-999	-999	-999	-999
"97N9001"	4	128	194	194	234	-999	-999	-999	-999	-999
"97N9002"	4	124	182	182	238	-999	-999	-999	-999	-999
"97N9002"	4	128	182	186	238	-999	-999	-999	-999	-999
"97N9003"	4	128	182	178	234	-999	-999	-999	-999	-999
"97N9003"	4	132	186	194	234	-999	-999	-999	-999	-999
"97N9004"	4	84	186	182	238	-999	-999	-999	-999	-999
"97N9004"	4	124	190	194	242	-999	-999	-999	-999	-999
"97N9005"	4	128	178	190	238	-999	-999	-999	-999	-999
"97N9005"	4	136	186	194	238	-999	-999	-999	-999	-999
"97N9008"	4	84	182	190	234	-999	-999	-999	-999	-999
"97N9008"	4	124	186	190	234	-999	-999	-999	-999	-999
"97N9009"	4	84	178	182	238	-999	-999	-999	-999	-999
"97N9009"	4	140	186	182	242	-999	-999	-999	-999	-999
"97N9010"	4	84	186	-999	238	-999	-999	-999	-999	-999
"97N9010"	4	84	190	-999	242	-999	-999	-999	-999	-999
"97N9011"	4	132	186	174	242	-999	-999	-999	-999	-999
"97N9011"	4	132	190	186	242	-999	-999	-999	-999	-999
"97N9012"	4	124	182	182	230	-999	-999	-999	-999	-999
"97N9012"	4	124	186	186	238	-999	-999	-999	-999	-999
"97N9013"	4	84	182	182	220	-999	-999	-999	-999	-999
"97N9013"	4	140	186	190	234	-999	-999	-999	-999	-999
"97N9015"	4	120	178	182	238	-999	-999	-999	-999	-999
"97N9015"	4	132	182	190	238	-999	-999	-999	-999	-999
"97N9017"	4	124	182	182	230	-999	-999	-999	-999	-999
"97N9017"	4	124	186	182	238	-999	-999	-999	-999	-999
"97N2408"	5	84	182	170	230	-999	-999	-999	-999	-999
"97N2408"	5	124	186	190	242	-999	-999	-999	-999	-999
"97N2410"	5	84	178	182	230	-999	-999	-999	-999	-999
"97N2410"	5	84	178	190	242	-999	-999	-999	-999	-999
"97N2432"	5	124	182	154	230	-999	-999	-999	-999	-999
"97N2432"	5	132	190	182	242	-999	-999	-999	-999	-999
"97N2449"	5	84	178	178	234	-999	-999	-999	-999	-999
"97N2449"	5	84	182	182	242	-999	-999	-999	-999	-999
"97N2456"	5	84	182	174	234	-999	-999	-999	-999	-999
"97N2456"	5	128	186	178	234	-999	-999	-999	-999	-999
"97N2473"	5	124	174	182	234	-999	-999	-999	-999	-999
"97N2473"	5	136	178	186	238	-999	-999	-999	-999	-999
"97N2478"	5	84	182	-999	234	-999	-999	-999	-999	-999
"97N2478"	5	132	186	-999	238	-999	-999	-999	-999	-999
"97N2543"	5	84	182	182	234	-999	-999	-999	-999	-999
"97N2543"	5	124	192	182	238	-999	-999	-999	-999	-999
"96N2014"	6	124	186	-999	238	-999	-999	-999	-999	-999
"96N2014"	6	124	186	-999	238	-999	-999	-999	-999	-999
"96N2015"	6	116	186	182	238	-999	-999	-999	-999	-999
"96N2015"	6	128	190	186	238	-999	-999	-999	-999	-999
"96N2016"	6	84	182	182	238	-999	-999	-999	-999	-999
"96N2016"	6	120	182	190	238	-999	-999	-999	-999	-999
"96N2017"	6	84	182	174	234	-999	-999	-999	-999	-999
"96N2017"	6	124	186	194	234	-999	-999	-999	-999	-999
"96N2018"	6	124	178	178	238	-999	-999	-999	-999	-999
"96N2018"	6	132	178	186	238	-999	-999	-999	-999	-999
"96N2019"	6	84	182	174	234	-999	-999	-999	-999	-999
"96N2019"	6	84	186	174	234	-999	-999	-999	-999	-999
"96N2020"	6	124	186	170	226	-999	-999	-999	-999	-999
"96N2020"	6	124	190	190	238	-999	-999	-999	-999	-999
"96N2021"	6	132	182	154	226	-999	-999	-999	-999	-999
"96N2021"	6	136	190	186	246	-999	-999	-999	-999	-999
"96N2022"	6	124	186	174	230	-999	-999	-999	-999	-999
"96N2022"	6	140	190	190	234	-999	-999	-999	-999	-999
"96N2023"	6	84	182	170	238	-999	-999	-999	-999	-999
"96N2023"	6	84	190	194	242	-999	-999	-999	-999	-999
"96N2024"	6	84	178	178	238	-999	-999	-999	-999	-999
"96N2024"	6	84	186	186	242	-999	-999	-999	-999	-999
"96N2025"	6	128	190	186	218	-999	-999	-999	-999	-999
"96N2025"	6	128	190	194	238	-999	-999	-999	-999	-999
"96N2026"	6	84	174	182	238	-999	-999	-999	-999	-999
"96N2026"	6	124	194	194	238	-999	-999	-999	-999	-999
"96N2027"	6	84	190	170	230	-999	-999	-999	-999	-999
"96N2027"	6	84	190	186	230	-999	-999	-999	-999	-999
"96N2028"	6	128	186	-999	-999	-999	-999	-999	-999	-999
"96N2028"	6	128	186	-999	-999	-999	-999	-999	-999	-999
"98N0001"	7	132	182	170	230	-999	-999	-999	-999	-999
"98N0001"	7	132	186	186	234	-999	-999	-999	-999	-999
"98N0005"	7	84	182	182	234	-999	-999	-999	-999	-999
"98N0005"	7	84	182	182	238	-999	-999	-999	-999	-999
"98N0009"	7	84	186	174	230	-999	-999	-999	-999	-999
"98N0009"	7	140	198	186	238	-999	-999	-999	-999	-999
"98N0012"	7	124	174	190	230	-999	-999	-999	-999	-999
"98N0012"	7	124	186	198	230	-999	-999	-999	-999	-999
"98N0015"	7	84	182	186	234	-999	-999	-999	-999	-999
"98N0015"	7	-999	190	186	246	-999	-999	-999	-999	-999
"98N0016"	7	124	186	182	234	-999	-999	-999	-999	-999
"98N0016"	7	132	190	186	-999	-999	-999	-999	-999	-999
"98N0018"	7	84	182	178	222	-999	-999	-999	-999	-999
"98N0018"	7	128	186	186	234	-999	-999	-999	-999	-999
"98N0024"	7	84	182	166	234	-999	-999	-999	-999	-999
"98N0024"	7	84	182	186	234	-999	-999	-999	-999	-999
"98N0026"	7	84	178	182	238	-999	-999	-999	-999	-999
"98N0026"	7	124	190	182	238	-999	-999	-999	-999	-999
"98N0027"	7	136	190	186	234	-999	-999	-999	-999	-999
"98N0027"	7	136	194	190	243	-999	-999	-999	-999	-999
"98N0028"	7	148	190	178	230	-999	-999	-999	-999	-999
"98N0028"	7	148	190	198	234	-999	-999	-999	-999	-999
"98N0029"	7	132	182	182	234	-999	-999	-999	-999	-999
"98N0029"	7	132	186	182	238	-999	-999	-999	-999	-999
"98N0032"	7	128	182	174	234	-999	-999	-999	-999	-999
"98N0032"	7	128	182	182	238	-999	-999	-999	-999	-999
"98N0034"	7	84	186	174	238	-999	-999	-999	-999	-999
"98N0034"	7	132	190	190	242	-999	-999	-999	-999	-999
"98N0035"	7	124	186	178	226	-999	-999	-999	-999	-999
"98N0035"	7	124	194	178	242	-999	-999	-999	-999	-999
"98N0037"	7	124	186	182	230	-999	-999	-999	-999	-999
"98N0037"	7	132	186	186	238	-999	-999	-999	-999	-999
"98N0038"	7	132	186	182	238	-999	-999	-999	-999	-999
"98N0038"	7	140	190	186	242	-999	-999	-999	-999	-999
"98N0039"	7	84	186	178	226	-999	-999	-999	-999	-999
"98N0039"	7	128	186	178	234	-999	-999	-999	-999	-999
"99N3000"	8	84	186	182	238	-999	-999	-999	-999	-999
"99N3000"	8	84	190	186	242	-999	-999	-999	-999	-999
"99N3001"	8	136	186	182	234	-999	-999	-999	-999	-999
"99N3001"	8	136	186	190	242	-999	-999	-999	-999	-999
"99N3002"	8	84	186	186	242	-999	-999	-999	-999	-999
"99N3002"	8	132	186	186	242	-999	-999	-999	-999	-999
"99N3003"	8	128	178	186	238	-999	-999	-999	-999	-999
"99N3003"	8	132	178	190	238	-999	-999	-999	-999	-999
"99N3004"	8	140	178	186	238	-999	-999	-999	-999	-999
"99N3004"	8	140	178	194	238	-999	-999	-999	-999	-999
"99N3005"	8	-999	186	186	230	-999	-999	-999	-999	-999
"99N3005"	8	-999	190	190	234	-999	-999	-999	-999	-999
"99N3006"	8	84	178	178	238	-999	-999	-999	-999	-999
"99N3006"	8	132	178	182	246	-999	-999	-999	-999	-999
"99N3007"	8	124	186	182	238	-999	-999	-999	-999	-999
"99N3007"	8	124	190	194	238	-999	-999	-999	-999	-999
"99N3008"	8	84	190	178	234	-999	-999	-999	-999	-999
"99N3008"	8	84	190	182	234	-999	-999	-999	-999	-999
